43 11111
56 1111011
59 1111010
50 111100
22 1110
127 11011111111
117 110111111101
110 110111111100
91 11011111101
133 110111111001
97 110111111000
106 1101111101111
164 1101111101110
159 1101111101101
148 1101111101100
181 110111110101
94 110111110100
86 1101111100
75 11011110
194 11011101
87 1101110011
126 11011100101
100 110111001001
205 110111001000
188 1101110001
90 11011100001
134 110111000001
177 1101110000001
167 1101110000000
0 110110
67 110101
57 1101001
60 1101000
32 1100
39 1011
34 1010
28 100
29 0111
27 0110
48 010111
61 0101101
55 0101100
69 010101
53 0101001
198 010100011
158 0101000101111
153 0101000101110
154 0101000101101
107 0101000101100
171 0101000101011
169 0101000101010
103 01010001010011
104 01010001010010
208 010100010100011
209 010100010100010
211 010100010100001
156 010100010100000
186 01010001001
101 010100010001
165 0101000100001
166 0101000100000
80 010100001
189 0101000001
190 0101000000
42 01001
13 010001
4 0100001
70 0100000
35 0011
72 0010111
54 0010110
68 0010101
63 0010100
46 001001
195 001000111
193 001000110
176 0010001011111
170 0010001011110
116 001000101110
185 00100010110
85 0010001010
79 001000100
8 0010000
33 0001
6 0000111
5 0000110
3 0000101
66 0000100
78 000001111
114 000001110111
137 0000011101101
108 0000011101100
174 00000111010111
161 00000111010110
173 0000011101010
131 000001110100
84 0000011100
196 000001101
192 000001100
65 0000010
52 0000001
7 0000000
30 1111
24 1110
23 110
25 1011
15 101011
74 10101011
130 101010101111
124 101010101110
135 1010101011011
109 1010101011010
128 101010101100
129 101010101011
162 10101010101011
141 10101010101010
136 1010101010100
125 101010101001
182 101010101000
201 1010101001
93 101010100011
121 101010100010
89 10101010000
2 1010100
12 101001
62 1010001
73 10100001
199 10100000
26 1001
19 10001
18 10000
14 01111
64 011101
47 011100
21 0110
41 01011
40 01010
9 0100111
51 0100110
183 010010111111
105 0100101111101
145 01001011111001
207 01001011111000
168 0100101111011
152 0100101111010
96 010010111100
184 010010111011
118 010010111010
138 0100101110011
111 0100101110010
122 010010111000
83 0100101101
82 0100101100
197 01001010
1 0100100
20 01000
49 0011111
11 0011110
10 0011101
132 0011100111111
95 0011100111110
102 0011100111101
99 0011100111100
143 0011100111011
172 00111001110101
155 00111001110100
255 001110011100111111
218 00111001110011111011
226 00111001110011111010111
229 001110011100111110101101
230 001110011100111110101100
214 0011100111001111101010
220 001110011100111110100
248 001110011100111110011111111111
253 0011100111001111100111111111101
254 0011100111001111100111111111100
240 00111001110011111001111111110
249 001110011100111110011111111011
250 001110011100111110011111111010
243 00111001110011111001111111100
241 0011100111001111100111111101
245 00111001110011111001111111001
246 00111001110011111001111111000
236 00111001110011111001111110
224 001110011100111110011111011
242 0011100111001111100111110101
212 00111001110011111001111101001111
213 00111001110011111001111101001110
252 0011100111001111100111110100110
223 00111001110011111001111101001011
239 00111001110011111001111101001010
247 00111001110011111001111101001001
251 00111001110011111001111101001000
244 00111001110011111001111101000
231 001110011100111110011111001
235 001110011100111110011111000
228 001110011100111110011110
232 00111001110011111001110111
237 001110011100111110011101101
238 001110011100111110011101100
225 0011100111001111100111010
233 00111001110011111001110011
234 00111001110011111001110010
227 0011100111001111100111000
215 0011100111001111100110
216 0011100111001111100101
219 0011100111001111100100
217 001110011100111110001
221 0011100111001111100001
222 0011100111001111100000
210 00111001110011110
150 0011100111001110
160 001110011100110
157 001110011100101
149 001110011100100
140 00111001110001
147 00111001110000
123 001110011011
120 001110011010
115 0011100110011
142 00111001100101
163 00111001100100
175 0011100110001
178 0011100110000
200 0011100101
187 00111001001
119 001110010001
92 001110010000
71 00111000
45 001101
16 001100
17 00101
31 00100
36 00011
37 00010
44 000011
81 0000101111
88 00001011101
206 0000101110011
151 00001011100101
144 00001011100100
204 000010111000
112 0000101101111
113 0000101101110
179 0000101101101
180 0000101101100
146 00001011010111
139 00001011010110
98 0000101101010
203 000010110100
191 0000101100
202 00001010
77 000010011
76 000010010
58 00001000
38 00000
