23 111111
176 1111101
116 111110011
128 111110010
140 111110001
114 111110000
218 11110
207 11101
208 11100
196 110111
178 1101101
147 11011001
84 11011000
217 11010
38 1100111
133 110011011
125 110011010
134 110011001
117 110011000
45 110010
179 1100011
113 110001011
139 110001010
138 110001001
123 110001000
54 110000
216 10111
82 10110111
115 101101101
13 101101100
181 1011010
47 101100
51 101011
66 1010101
68 1010100
48 101001
148 10100011
99 101000101
121 101000100
83 10100001
81 10100000
215 10011
197 100101
182 1001001
141 100100011
120 100100010
16 10010000
209 10001
210 10000
214 01111
46 011101
52 011100
213 01101
65 0110011
180 0110010
53 011000
211 01011
49 010101
27 0101001
63 0101000
212 01001
108 010001111
111 010001110
112 010001101
106 010001100
64 0100010
50 010000
198 001111
183 0011101
39 0011100
252 001101
22 001100
199 001011
80 00101011
0 001010101111
1 001010101110
5 00101010110
10 0010101010
109 001010100
184 0010100
62 0010011
102 001001011
97 001001010
142 001001001
107 001001000
26 0010001
19 0010000
149 00011111
100 000111101
110 000111100
61 0001110
186 0001101
103 000110011
101 000110010
105 000110001
96 000110000
185 0001011
78 00010101
94 000101001
104 000101000
200 000100
187 0000111
79 00001101
150 00001100
40 0000101
254 0000100
201 000001
190 0000001
188 0000000
91 111111111
144 111111110
98 111111101
92 111111100
189 1111110
77 11111011
95 111110101
11 1111101001
6 11111010001
4 11111010000
41 1111100
25 1111011
60 1111010
238 111100
251 111011
241 111010
143 111001111
93 111001110
17 11100110
255 11100101
76 11100100
237 111000
202 110111
250 110110
235 110101
236 110100
152 11001111
75 11001110
20 1100110
191 1100101
90 110010011
14 110010010
164 11001000
239 110001
240 110000
230 101111
234 101110
59 1011011
58 1011010
233 101100
228 101011
229 101010
231 101001
243 101000
151 10011111
166 10011110
34 10011101
35 10011100
227 100110
32 10010111
31 10010110
153 10010101
167 10010100
232 100100
226 100011
242 100010
225 100001
89 100000111
86 100000110
155 10000010
192 1000000
203 011111
249 011110
224 011101
169 01110011
162 01110010
72 01110001
165 01110000
245 011011
248 011010
244 011001
154 01100011
36 01100010
170 01100001
161 01100000
193 0101111
73 01011101
7 01011100111
2 010111001101
3 010111001100
12 0101110010
145 010111000
223 010110
246 010101
33 01010011
168 01010010
24 0101000
247 010011
172 01001011
74 01001010
42 0100100
204 010001
159 01000011
156 01000010
171 01000001
163 01000000
174 00111111
15 001111101
146 001111100
71 00111101
70 00111100
222 001110
220 001101
194 0011001
30 00110001
88 001100001
126 0011000001
127 0011000000
160 00101111
157 00101110
57 0010110
221 001010
175 00100111
158 00100110
253 0010010
195 0010001
177 00100001
173 00100000
205 000111
118 0001101111
129 0001101110
85 000110110
37 00011010
21 0001100
136 0001011111
124 0001011110
87 000101110
69 00010110
43 0001010
29 00010011
132 0001001011
131 0001001010
119 0001001001
122 0001001000
56 0001000
206 000011
219 000010
67 00000111
130 0000011011
8 00000110101
9 00000110100
135 0000011001
137 0000011000
55 0000010
44 0000001
28 00000001
18 00000000
