22 1111
70 1110111
82 1110110
1 111010111
121 111010110
5 11101010
110 1110100
94 1110011
123 1110010111
179 1110010110111
161 1110010110110
158 1110010110101
155 1110010110100
137 111001011001
138 111001011000
122 111001010
193 1110010011
133 11100100101
140 1110010010011
148 11100100100101
215 1110010010010011
255 111001001001001011
222 11100100100100101011
226 1110010010010010101011
229 11100100100100101010101
230 11100100100100101010100
218 111001001001001010100
248 11100100100100101001111111111
253 111001001001001010011111111101
254 111001001001001010011111111100
240 1110010010010010100111111110
249 11100100100100101001111111011
250 11100100100100101001111111010
243 1110010010010010100111111100
241 111001001001001010011111101
245 1110010010010010100111111001
246 1110010010010010100111111000
236 1110010010010010100111110
224 11100100100100101001111011
242 111001001001001010011110101
216 1110010010010010100111101001111
217 1110010010010010100111101001110
252 111001001001001010011110100110
223 1110010010010010100111101001011
239 1110010010010010100111101001010
247 1110010010010010100111101001001
251 1110010010010010100111101001000
244 1110010010010010100111101000
231 11100100100100101001111001
235 11100100100100101001111000
228 11100100100100101001110
232 1110010010010010100110111
237 11100100100100101001101101
238 11100100100100101001101100
225 111001001001001010011010
233 1110010010010010100110011
234 1110010010010010100110010
227 111001001001001010011000
219 111001001001001010010
220 111001001001001010001
221 111001001001001010000
212 11100100100100100
167 111001001001000
207 111001001000
2 111001000
76 111000
95 1101111
77 1101110
78 1101101
65 1101100
53 11010
14 11001
13 11000
51 10111
97 1011011
96 1011010
114 101100
45 10101
50 10100
26 1001
20 10001
49 10000
21 0111
104 0110111
106 0110110
102 0110101
8 0110100
46 01100
113 0101111
143 010111011111
164 0101110111101
160 0101110111100
183 0101110111011
171 0101110111010
141 010111011100
125 0101110110
197 010111010
124 0101110011
131 01011100101
146 0101110010011
208 0101110010010
210 01011100100011
162 01011100100010
172 01011100100001
174 01011100100000
120 010111000
71 0101101
75 0101100
33 01010
23 0100
115 001111
83 0011101
111 0011100
17 00110
31 00101
107 0010011
68 0010010
12 001000
30 00011
66 0001011
99 0001010
98 0001001
118 00010001
6 00010000
32 00001
81 0000011
74 0000010
55 000000
105 1111111
100 1111110
11 111110
36 11110
29 11101
61 1110011
108 1110010
101 1110001
181 1110000111111
170 1110000111110
150 11100001111011
156 11100001111010
178 1110000111100
189 111000011101
153 1110000111001
187 1110000111000
176 1110000110111
177 1110000110110
188 111000011010
175 1110000110011
180 1110000110010
209 1110000110001
211 111000011000011
213 1110000110000101
214 1110000110000100
166 11100001100000
3 111000010
116 11100000
56 110111
80 1101101
63 1101100
24 11010
201 11001111
117 11001110
9 1100110
109 1100101
62 1100100
41 11000
34 10111
59 1011011
69 1011010
119 10110011
192 10110010111
129 10110010110
194 1011001010
198 101100100
79 1011000
44 10101
43 10100
18 10011
40 10010
42 10001
64 1000011
103 1000010
67 1000001
73 1000000
28 01111
25 01110
15 011011
54 011010
27 01100
206 010111111111
186 0101111111101
139 0101111111100
168 01011111110111
145 01011111110110
185 0101111111010
130 010111111100
149 0101111110111
144 0101111110110
184 0101111110101
142 0101111110100
128 01011111100
195 0101111101
134 010111110011
182 01011111001011
173 01011111001010
163 01011111001001
165 01011111001000
132 010111110001
157 01011111000011
152 010111110000101
147 010111110000100
169 01011111000001
159 01011111000000
87 01011110
86 01011101
203 01011100
60 0101101
91 01011001
89 01011000
35 01010
19 0100
52 001111
112 0011101
72 0011100
39 00110
16 001011
205 001010111
4 001010110
90 00101010
88 00101001
85 00101000
37 00100
10 000111
57 0001101
7 00011001
204 00011000
200 00010111
93 00010110
127 00010101111
151 00010101110111
154 00010101110110
136 0001010111010
190 000101011100
0 0001010110
202 000101010
84 00010100
48 000100
199 000011111
191 000011110111
135 000011110110
126 00001111010
196 0000111100
92 00001110
58 0000110
47 000010
38 00000
