47 111111
217 111110111
221 111110110
25 11111010
191 11111001
192 11111000
78 111101
74 111100
55 11101
224 11100111
27 11100110
138 1110010
112 111000
38 110111
41 110110
81 110101
73 110100
194 11001111
193 11001110
29 1100110
76 110010
83 110001
111 110000
157 1011111
141 1011110
69 101110
84 101101
71 101100
30 1010
206 1001111
158 10011101
21 10011100111
18 1001110011011
246 1001110011010111
245 1001110011010110
242 100111001101010
240 100111001101001
255 100111001101000111
7 1001110011010001101
8 10011100110100011001
3 100111001101000110001
9 1001110011010001100001
10 10011100110100011000001
4 100111001101000110000001
1 1001110011010001100000001
248 10011100110100011000000001111
253 100111001101000110000000011101
254 100111001101000110000000011100
249 10011100110100011000000001101
250 10011100110100011000000001100
12 100111001101000110000000010
0 1001110011010001100000000011111
2 1001110011010001100000000011110
252 100111001101000110000000001110
6 1001110011010001100000000011011
14 1001110011010001100000000011010
247 1001110011010001100000000011001
251 1001110011010001100000000011000
5 1001110011010001100000000010
11 100111001101000110000000000
244 10011100110100010
241 1001110011010000
19 100111001100
230 1001110010
216 100111000
50 100110
164 1001011
35 1001010
106 100100
62 10001
49 100001
209 1000001
140 1000000
108 011111
31 0111101
139 0111100
131 011101
155 0111001
144 0111000
99 011011
163 01101011
189 01101010
147 0110100
118 011001
195 01100011
198 01100010
208 0110000
161 0101111
222 010111011
23 0101110101
219 0101110100
197 01011100
130 010110
211 0101011
188 01010101
214 01010100
126 010100
39 0100
85 00111
134 0011011
205 0011010
128 001100
125 001011
77 001010
67 001001
213 00100011
183 00100010
173 00100001
168 00100000
87 000111
95 0001101
181 00011001
171 00011000
37 00010
46 00001
28 0000011
178 00000101
185 00000100
114 000000
42 11111
93 1111011
154 11110101
196 11110100
53 111100
179 11101111
167 11101110
229 1110110
54 111010
48 11100
26 110111111
223 110111110
153 11011110
132 1101110
177 11011011
182 11011010
180 11011001
162 11011000
33 110101
116 110100
43 110011
89 110010
80 110001
122 1100001
199 11000001
170 11000000
137 1011111
101 1011110
58 101110
34 101101
68 101100
149 10101111
150 10101110
96 1010110
64 101010
57 101001
175 10100011
169 10100010
100 1010000
72 100111
136 1001101
159 10011001
165 10011000
65 100101
98 1001001
151 10010001
200 10010000
75 100011
70 100010
156 10000111
22 10000110111
235 100001101101
238 10000110110011
16 100001101100101
243 1000011011001001
13 1000011011001000
239 10000110110001
17 100001101100001
15 100001101100000
20 10000110101
231 10000110100
227 100001100
184 10000101
145 10000100
66 100000
88 0111111
102 0111110
105 0111101
135 0111100
91 0111011
202 01110101
201 01110100
117 0111001
110 0111000
226 0110111
32 0110110
120 0110101
45 0110100
36 0110011
133 0110010
44 011000
107 0101111
186 01011101
187 01011100
52 010110
104 0101011
143 01010101
176 01010100
228 010100111
218 0101001101
24 0101001100
174 01010010
127 0101000
51 010011
121 0100101
152 0100100
146 01000111
148 01000110
129 0100010
59 010000
207 0011111
90 0011110
82 001110
40 0011011
160 00110101
220 0011010011
234 001101001011
233 001101001010
232 001101001001
237 0011010010001
236 0011010010000
225 001101000
60 001100
61 001011
79 0010101
124 0010100
86 0010011
103 0010010
97 0010001
109 0010000
212 000111
92 0001101
123 0001100
94 0001011
203 00010101
215 000101001
190 000101000
63 000100
166 00001111
204 00001110
119 0000110
56 000010
113 0000011
142 00000101
172 00000100
210 0000001
115 0000000
